2 0.309375 0.21328125 0.07734375 0.15625
2 0.44140625 0.2609375 0.06015625 0.09765625
2 0.5328125 0.26484375 0.05625 0.06875
2 0.70859375 0.2453125 0.05390625 0.05859375
2 0.76875 0.1984375 0.08203125 0.09609375
0 0.28984375 0.61953125 0.05 0.03828125
0 0.43828125 0.54765625 0.0328125 0.03203125
0 0.5203125 0.54296875 0.0328125 0.02578125
0 0.7640625 0.6265625 0.04375 0.04765625
1 0.29765625 0.634375 0.17109375 0.35078125
1 0.43671875 0.5546875 0.0984375 0.2703125
1 0.528125 0.575 0.08828125 0.26015625
1 0.7859375 0.66171875 0.13984375 0.3421875